0.251991786710885
0.164616028458818
0.113686044038624
0.156142999560414
0.317459779271037
0.411462636495326
0.391548001908242
0.396888324951233
0.438866377316358
0.476261326736201
0.496149899167092
0.509032697137292
0.524393221594368
0.531695217827204
0.540907827497074
0.553160214771214
0.568338724152324
0.576044016186371
0.582407401692454
0.598338323516626
0.606495012674206
0.613923154154334
0.61833997037262
0.624299740816776
0.62588119560421
0.629286372825322
0.633807638569139
0.635689742939678
0.63520932065954
0.635161006687216
0.634191861060826
0.632128154299456
0.633308199322991
0.634973829953813
0.636618944892132
0.641155269944647
0.641820680862959
0.642672626225614
0.643443212570202
0.646910065395965
0.648869030409176
0.649491890497808
0.64989985899007
0.650821774258186
0.652373897410582
0.653497548010977
0.654582644642266
0.65639386267818
0.657718847710669
0.659234110546067
0.659263460498685
0.659382454539638
0.659644336623842
0.656311800174955
0.656237258252528
0.656092966038314
0.657265400712346
0.657239674128085
0.657183357075454
0.657162837983887
0.655900110092785
0.655518255023505
0.655168572092579
0.653391644623663
0.652794625075394
0.651819970062732
0.650706386372439
0.648883370969966
0.649566598445195
0.648595123040531
0.646863746671042
0.645925588392636
0.645989328673451
0.646553359153427
0.646562103773138
0.645065816089786
0.645011745474949
0.645206338686139
0.645978560256124
0.647862919941427
0.649598020810321
0.651062029932246
0.653124375546614
0.655435231664824
0.656224295992623
0.656177527730594
0.656081265406535
0.655912082700594
0.654835561554168
0.654711310387258
0.652962665694814
0.650479406261383
0.648476733691343
0.645360696356196
0.643564935826692
0.642031258250046
0.642055970442775
0.644286470819965
0.64472544527142
0.645455336995631
0.648718356801821
0.65240463505269
0.655873473693165
0.659551673146993
0.663701568928152
0.667887228950274
0.670720815151292
0.673396076441835
0.674004150401594
0.677531813811305
0.68342335373339
0.68670914689179
0.6870380737801
0.689382100286839
0.693323706531646
0.697265018114411
0.700816256540173
0.703473378079528
0.707870630617542
0.713355541138039
0.714303868693947
0.717552901454321
0.720010016492164
0.722773137610133
0.725566434714854
0.728329333976491
0.731882139807785
0.734854386430388
0.738221753775976
0.741246358042275
0.744067599673852
0.750963463491921
0.754675204124334
0.757454545389081
0.757239590113133
0.759516160104564
0.762849268690163
0.769001937158873
0.772928685220824
0.776496762415075
0.776834137984297
0.782749538924283
0.784482181234461
0.787070122944597
0.789516009700165
0.791575647380564
0.794172212866803
0.796860696435496
0.799164689009647
0.802137553655216
0.804481904178937
0.806244028324828
0.808327215381169
0.811085425635136
0.813651190491238
0.816340864501141
0.818225728101459
0.820146545413001
0.819464329630095
0.821785809264476
0.824423242917565
0.826367678927699
0.828520846375433
0.831367884650438
0.833665269258675
0.83609252735233
0.840565344323242
0.843127677806487
0.845443669254838
0.847711453592826
0.850446546288157
0.852606204512309
0.854579930980323
0.856534194575081
0.858421145544458
0.860507919489691
0.86247160624882
0.864296193173083
0.866135857124873
0.867819156227535
0.868976746100007
0.870165181740313
0.871817515842107
0.870894528809269
0.87263794368107
0.874749296084201
0.876673871505234
0.878458907737814
0.882190196074692
0.884549880922945
0.886147391420623
0.888114676436918
0.890072855938343
0.891187478135232
0.892135015166361
0.893450162175118
0.894758238172038
0.89415902822146
0.895589199560363
0.897299216692785
0.898681821741687
0.900007513504464
0.900867413599638
0.902146954989302
0.903038861658109
0.903644963997134
0.905076886837623
0.906618893733139
0.907833788697205
0.909423989586155
0.911915515800606
0.912957810808067
0.914171334249759
0.915849646284608
0.917125150288279
0.918200056650049
0.919386841363876
0.92226200585479
0.923714730097592
0.924729972029847
0.925753243139003
0.92668066350369
0.925700195751943
0.926309296381382
0.927861611212318
0.929247262177515
0.929910523215385
0.930002879678727
0.931857581067281
0.932716867340006
0.933810688818903
0.934413999096041
0.935663845073406
0.937094085739606
0.93973987536025
0.940625436432711
0.941811764199389
0.942547132593228
0.943220800945402
0.942699754728794
0.943240857060599
0.944191534498383
0.94526394511614
0.945690043683968
0.946343995919758
0.94596997394465
0.945888954536114
0.946794837423521
0.947203711029663
0.948483264543379
0.949950654954187
0.950956427739661
0.951920581500298
0.952417508908329
0.952935790941741
0.95312965709957
0.95389633741904
0.954835515184352
0.955080694198324
0.95629148323705
0.957101026517512
0.958608489382812
0.959559226283238
0.960023267198531
0.961749625160359
0.961151166799364
0.962805865832441
0.962322268569019
0.962867307260143
0.964480065000043
0.965404993618479
0.965938440626518
0.966422503772045
0.967021124449348
0.967687813675871
0.968119870398763
0.968708266965013
0.969001905720322
0.969458821308058
0.969920036317604
0.970253602557495
0.970550263292285
0.970011579826822
0.970416594935888
0.971063042541483
0.972357472296615
0.971948037235071
0.972217582093407
0.972149445061258
0.972611662661873
0.973238481415918
0.973646568137491
0.97376250409199
0.974381027092513
0.974924775370211
0.974863339825718
0.975546749985343
0.976030558632062
0.976710516697618
0.976785068340306
0.976705353131374
0.977453608514523
0.978007298414801
0.978302520307369
0.978587901897657
0.97896766117619
0.979176228801389
0.979408684967995
0.979889872382083
0.980167150154273
0.980441138345707
0.980714906384918
0.98110516320609
0.981309292289524
0.98153681026641
0.981595230214936
0.98188749490442
0.982225746329804
0.982729420625404
0.983072823778259
0.983116584491061
0.983312863277222
0.983732347614133
0.984053341591291
0.984314743759239
0.984703660782928
0.984834293085011
0.985605877817732
0.985304142717483
0.98555526362485
0.985820323588755
0.986640377607809
0.986936779005089
0.987157518237361
0.9871865447431
0.987460483094299
0.987613555724407
0.987738205121235
0.987966520924703
0.988297618977091
0.9885357595102
0.988736725394139
0.988938574595272
0.988932971041617
0.988608536980817
0.988743419659042
0.988932558751348
0.989529016957741
0.989686687943906
0.989910422991381
0.990109994043069
0.990399578926939
0.990569609656427
0.990706324862204
0.990869709075393
0.990974680939813
0.991135597725723
0.991250212330363
0.991408188655539
0.991515956188609
0.991610915616187
0.991602454450069
0.991373676951221
0.991466770617884
0.991603308093739
0.991808019274486
0.991823671855672
0.991887386745977
0.991801139633478
0.991914094698514
0.991952006339155
0.992149513013238
0.992270834981539
0.992412270438407
0.992552607169573
0.992722947444238
0.992986421531539
0.993206822753427
0.993180813562819
0.993368342926796
0.993506712076625
0.993570468826303
0.993523903485725
0.993554685901868
0.993666488226445
0.993768720276902
0.993786618124846
0.993805101956393
0.993912742893903
0.994028957475018
0.994095833956244
0.994142844258596
0.994229667827841
0.994319428329249
0.994460473941315
0.994663551788254
0.994857574497623
0.995004254516119
0.995303527184923
0.995195350475207
0.995278880113995
0.995527095364796
0.995697832950558
0.995765104026004
0.995803492915249
0.995628879601573
0.995674675352557
0.995684082753418
0.995613348362212
0.9956940933615
0.99574745891302
0.995799842787604
0.995861260847146
0.995826932820533
0.995906875696708
0.996075821666334
0.996079720776034
0.996101733075457
0.996133251036106
0.996226843834576
0.996310608503543
0.996351226635483
0.996480001974187
0.996541658275288
0.996576607974104
0.996636243751295
0.996701433398557
0.996771803713322
0.996802560176376
0.996845366945605
0.99691275246496
0.996924450326
0.996930840063243
0.99696614947781
0.997070032537783
0.997152440519921
0.997222217845306
0.99733107008632
0.997411197151675
0.997565028509528
0.997487985737722
0.997651959060115
0.997673266061286
0.997602945316461
0.997740105451972
0.997790528701473
0.997811134108047
0.997735313749721
0.997727449924339
0.997694682878001
0.997732495571031
0.997779696699109
0.997815493437928
0.997880103531734
0.997908690751217
0.997964656174905
0.997983952785169
0.998027147007517
0.99806277985417
0.998097449828713
0.998166882553463
0.998276421531166
0.998304563270451
0.998336249200915
0.998363120396783
0.998389685560906
0.998314566463144
0.998324167733645
0.998318037749592
0.998313332039621
0.9984111312965
0.998431590127862
0.99845226497559
0.9985021490468
0.998598137308732
0.998627150904738
0.998642625766848
0.998576798924338
0.998623363233404
0.998716657264223
0.998746057208938
0.998779688390602
0.99881374313176
0.99883532074767
0.998860018732896
0.998872393754883
0.998885184834318
0.998906187760165
0.998921150343278
0.998926862384043
0.998920615775196
0.998876081206452
0.99888922420194
0.998910960108587
0.99898053554334
0.998943192851889
0.998957598120905
0.998968628094067
0.998970676209812
0.998962199293453
0.998977546048836
0.99898992626644
0.999002617222356
0.999012125266626
0.99902344961418
0.999023874250228
0.999055077123068
0.999088579373569
0.999103585260152
0.999102267237839
0.999083346167362
0.999097982741053
0.999117994344618
0.999138263055983
0.999167218970822
0.999185053831412
0.999229656152184
0.999234943216692
0.99925693967033
0.999269598629596
0.999277854900984
0.999286406326595
0.999271431132933
0.999308446954155
0.99931993094812
0.999331977310065
0.999345149253275
0.999396912297098
0.999417382699846
0.999428716434903
0.999446447363074
0.999458408241028
0.999467570790447
0.999477308309431
0.999478108829195
0.999478322690803
0.999478492225756
0.99944835825247
0.999443841685411
0.99943865128444
0.999454284011507
0.999463077885184
0.999486004316616
0.99949087018685
0.999509432159379
0.999516461917872
0.999557620264468
0.999569787545666
0.999576785495008
0.999549784850707
0.9995508706157
0.999556349549758
0.999561176848723
0.999570497672991
0.999581411675528
0.999583975145438
0.999589132270836
0.999606303199784
0.999632380839846
0.99963893732428
0.999645223396099
0.999652603695156
0.999661089387054
0.999666482842259
0.999671558551239
0.999677905759991
0.999689501408225
0.999692435256845
0.999690896675578
0.999694174724608
0.999679046664905
0.999676276001878
0.999680602801696
0.99969067026867
0.999719770054625
0.999727959271976
0.999728749453249
0.999735027763663
0.999738876909122
0.999739977482679
0.99974361715947
0.999745496848252
0.999731301537811
0.999739171264419
0.999759462188238
0.999764738372322
0.999768324183632
0.999772608704785
0.99975819174473
0.999759192104101
0.999759970554876
0.99976243268082
0.999766060764499
0.999766445654347
0.999779102134403
0.999797021746154
0.999805675516539
0.99980854441286
0.999808702254663
0.999809792810338
0.999813996239882
0.999802344945359
0.999801556930024
0.999804468535387
0.999823080855926
0.999830549180491
0.999836218425793
0.999839993507566
0.999842394609586
0.999841364088254
0.999843878811633
0.999847541475596
0.999850999211807
0.999852611947161
0.999855739585286
0.999857299931169
0.999860832219868
0.999862859728316
0.999865518829364
0.999867191666905
0.999870208995732
0.999872840251495
0.999874002338888
0.999877040130011
0.999878022137093
0.9998799702429
0.999880857299027
0.99988085582209
0.999881839475385
0.999884355566202
0.999883983343887
0.999882364490185
0.999879557035545
0.999881584897833
0.999890983815381
0.999894974007819
0.999896797746315
0.999899480000928
0.99989988865511
0.999900257420237
0.999893469597706
0.999895789949574
0.999897389071691
0.999898836979448
0.999908373989868
0.999911705416852
0.999913069204847
0.999915314787617
0.999916773600116
0.99991846605935
0.99991913992194
0.999920142915803
0.999921494162481
0.999923619355676
0.99992374555015
0.999923438798961
0.999924736577539
0.999926760734684
0.999926933945478
0.999928561573263
0.999928986692307
0.99992923849722
0.999930467949651
0.999926563447177
0.999932204992271
0.999933027865523
0.999929531959022
0.999929676556744
0.999930130029899
0.999932465997734
0.999938155789984
0.999939587113206
0.999940637962097
0.999941291060479
0.999942183620284
0.999943486817303
0.999944813872763
0.999945475393255
0.999947134049227
0.999947730089138
0.999947551185948
0.999943986332432
0.999944636605128
0.999945331591343
0.999944044578771
0.999943244539403
0.999945637171955
0.999947812817587
0.999948666576705
0.999950360597936
0.999951653388728
0.999953962123586
0.999956767873545
0.999957363592636
0.999958235284611
0.999958780449354
0.999955393940809
0.999956824194939
0.999957588252388
0.999957673385037
0.999958412938092
0.999958787445656
0.999959082327741
0.999960772091258
0.999964252674926
0.999965159265815
0.999965509255082
0.999966197851598
0.999967300009351
0.999967866770108
0.999967937356729
0.999968275811246
0.999968598028399
0.99996613319059
0.999969382275647
0.999967542497885
0.999967557723131
0.999967316501591
0.999967232519732
0.999968710902336
0.999969729274206
0.999972787150918
0.999973579720839
0.999973649596667
0.999972005319579
0.999971589823565
0.999972266551933
0.999972766849285
0.999975574716433
0.999976638463979
0.999977401602164
0.999978109625392
0.99997843211692
0.999978741101161
0.999978947291298
0.999979143069736
0.999978889732293
0.999979334229233
0.999979665148611
0.999980281618198
0.99998095917238
0.999980945058073
0.999980973330668
0.99998085617272
0.999979486833644
0.999978761101824
0.999978574716475
0.99998008190602
0.999980191999558
0.999979311631511
0.999979396943304
0.999980184177551
0.999980264310427
0.999980451234844
0.999980923766936
0.999981818671883
0.999982788283326
0.999982977426457
0.999983053634988
0.999983199535445
0.999983637968552
0.999983688104592
0.999983348150304
0.999984216911373
0.999984826130734
0.999985271514105
0.999986975071451
0.999987211343002
0.999987311299491
0.999986303958427
0.999986132918399
0.999987610381914
0.999988135574581
0.999988405170414
0.999988714495652
0.999988480129552
0.999987473922922
0.999987626051185
0.99998788271665
0.999987740725495
0.999988338679346
0.999989608728947
0.999990075464872
0.999990273452073
0.999990216918962
0.999990168911787
0.999989469413165
0.999990458995001
0.999990701689697
0.999990937536926
0.999991033219921
0.99999017899472
0.9999901550731
0.999990215808655
0.999990594292043
0.999990724796188
0.999990973685608
0.999991088189593
0.999991319657401
0.999992080275371
0.999991618658011
0.999992420055504
0.999992698406891
0.999989400517168
0.999985933018051
0.999981096965778
0.999975607979742
0.99996938431947
0.999962246436273
0.999952689486255
0.999942463027825
0.999932392347154
0.99992565682841
0.999915758983991
0.99990626331036
0.999899361168008
0.999892443766524
0.999884755829611
0.999872642211641
0.999870434912601
0.999870004131428
0.999857996265859
0.999858868973844
0.999854579739478
0.999848725718359
0.999843393501729
0.999842741375617
0.999838993966509
0.999833208121644
0.999840266831302
0.99984214976293
0.999838971704193
0.999839065645604
0.999836836776987
0.999833881084255
0.999833045982567
0.999834971066267
0.999834466278649
0.999842366354315
0.999843129565991
0.999843515007735
0.999841979439837
0.999843411270777
0.999845496874347
0.999847403744619
0.999848686623029
0.999847471680293
0.999847050049455
0.999849521578757
0.999851452315681
0.999849356192298
0.999850818806918
0.999852186060644
0.999858988021638
0.999863535052551
0.999865072219923
0.999862880780545
0.999861603200065
0.99986461444563
0.999861849495421
0.999863968979972
0.99986655823231
0.999867655872532
0.999867449759545
0.999870209243257
0.999872996451339
0.999874107662534
0.999873909432112
0.999876475808242
0.999878502607794
0.999880502080822
0.999881998350579
0.999882710705789
0.999882176900094
0.999885445314067
0.999885714263022
0.999888156599639
0.999888700681463
0.9998902706515
0.999890516267488
0.999891918186757
0.999893445722677
0.99989462812212
0.999896634747237
0.999902062015484
0.999903823509559
0.999899925592886
0.999898586241407
0.999900670018394
0.999901348625146
0.999902675537852
0.99990388163754
0.999905340446785
0.999905969934683
0.999908850156468
0.999909609260776
0.999911395873156
0.999911469097443
0.999913568213168
0.999916445020069
0.999918668115353
0.999918815728895
0.999920738247162
0.999923140049454
0.999925560279174
0.999926503617703
0.999925833357008
0.999928899416964
0.999930067637746
0.999930659641742
0.999932013163533
0.999932438492867
0.999930727847664
0.999930156076802
0.999932204151817
0.999934732150556
0.999933947162273
0.99993464738664
0.999935333158758
0.999935149500459
0.999936655048359
0.999935803991583
0.99993628342835
0.999937462031426
0.999941549648178
0.999941912384434
0.999941001798815
0.99993923182419
0.999939069871647
0.999940268122434
0.999941884071484
0.999943221911415
0.999943041811747
0.999945445227302
0.999945527468247
0.999946919151503
0.999949111624865
0.999950246003864
0.999950712106381
0.999951417357802
0.999952018123389
0.999952349307472
0.999950796074857
0.999951665005715
0.999952238666529
0.999951112994772
0.999949767590395
0.999950371815649
0.999950702563995
0.999950876433838
0.999951174913511
0.999951362240469
0.999952596047684
0.999952892345907
0.999953911739159
0.999954635021918
0.999954470286771
0.9999557494087
0.999956282976646
0.999957241154021
0.999958265105337
0.999959473963647
0.999960430941066
0.99996057219274
0.999961834961307
0.999962442718016
0.999963364163527
0.999964569358498
0.999965072405799
0.999965470420909
0.999964534302913
0.999964811061278
0.999965202266353
0.999965778862508
0.999967433919694
0.999967790069588
0.999968298009607
0.999966704746353
0.999967264190377
0.999969289986552
0.999968431747027
0.999968394816858
0.999968437406237
0.999968895089335
0.999969196743659
0.999969706633593
0.999970468405401
0.999970046814275
0.999970562964825
0.999970894861897
0.99997054434686
0.999970431009853
0.999971159306076
0.99997224615307
0.999971453706987
0.999972229606016
0.999972523722144
0.999972237099744
0.999973137863577
0.999972598533635
0.999972939421875
0.999973026763909
0.999973232836983
0.999974016912048
0.999974329900198
0.999974621747168
0.999974804464604
0.999974656235727
0.999974882577558
0.999975464384348
0.99997612278235
0.999977205916986
0.999978202055768
0.999979379330992
0.999978323903962
0.999978683364684
0.999979934532174
0.999979494285594
0.999979551249349
0.999979957500799
0.999980133865426
0.999980397694135
0.999980592481883
0.999981502151628
0.999981791360197
0.99998195373938
0.999981732955747
0.999981600430003
0.999981784447696
0.999982117297045
0.999982042872568
0.999981794659209
0.999981569205195
0.99998206361601
0.999982391045196
0.999982218446911
0.999982355997142
0.99998245179767
0.999982759271621
0.999982834688944
0.999983138364885
0.99998332617353
0.99998357992897
0.999983873497021
0.99998375527664
0.999984132880671
0.999984339241571
0.999984537360394
0.999985301948331
0.999985717683522
0.999985957532939
0.999986591781204
0.999986849536138
0.999987000113688
0.999987041195929
0.999987245896454
0.999986917919885
0.999987007091605
0.99998719610105
0.999987339982067
0.999987007475716
0.999986831878975
0.999987526064364
0.999987971748974
0.999988529843836
0.999988653966631
0.999988858242857
0.99998847984391
0.999988905341453
0.999988757346004
0.999988822846374
0.999988519655414
0.999988863278201
0.999989239370202
0.999989135886085
0.999989093365609
0.999989172645732
0.999988879112999
0.999989026688146
0.999989116328195
0.999989351733558
0.999989503042383
0.999989485649634
0.999989596463309
0.999989656769203
0.999989823376495
0.999989836983625
0.999989940277001
0.999989939950814
0.999990111469302
0.999990218551538
0.999990376118985
0.99999067391971
0.999990751532731
0.999990866634002
0.999990971516109
0.999991228612029
0.999991314324637
0.999991719296309
0.999991528939329
0.999991374450637
0.999991372904031
0.999991503818211
0.999991761013538
0.999991858482971
0.999991829267996
0.999992011047908
0.9999921222854
0.999992132811188
0.999992196489889
0.999992361348795
0.999992301717559
0.99999240494685
0.999992563061764
0.999992610147223
0.9999927410158
0.999992876397601
0.999992838361241
0.999993048405542
0.99999308254958
0.999993239548887
0.999993427260828
0.999993874255145
0.999993991929229
0.999994004532809
0.999994029580993
0.999994022351185
0.999993978891476
0.999993914049076
0.999993957175825
0.999994165075355
0.99999431880564
0.999994343252986
0.999994373436237
0.99999434848878
0.999994417951616
0.999994392388726
0.999994436685189
0.999994685869715
0.999994851071656
0.999994978895761
0.999995029217763
0.999995171770656
0.999995232137744
0.999995290649862
0.999995326255273
0.999995381097851
0.999995413894334
0.999995416919888
0.999995462709197
0.999995566563638
0.9999956436726
0.999995545173306
0.99999528229338
0.999995330950812
0.999995440156856
0.999995566838452
0.999995567506389
0.999995676489396
0.999995790443424
0.999995797038139
0.999995849734022
0.999995889870559
0.999995877874457
0.999995908880167
0.999995900838922
0.999995989436158
0.999996274686117
0.999996429617597
0.999996470015415
0.999996368422522
0.999996285534518
0.999996307682472
0.999996426214412
0.999996530296122
0.999996595500719
0.999996449145978
0.999996489784836
0.999996523383454
0.999996496396787
0.999996577126531
0.999996563982154
0.999996619593779
0.999996728583809
0.999996951137402
0.999996960960905
0.999996864536605
0.999997003376459
0.999997074489762
0.999997056430537
0.999997127498631
0.99999716451422
0.999997197497757
0.999997233629793
0.999997266656665
0.999997266534147
0.99999722152302
0.99999726237309
0.999997375477151
0.999997491182795
0.999997647461834
0.999997667393869
0.999997716322742
0.999997745030348
0.999997775401944
0.999997626157672
0.99999779753962
0.999997801843382
0.999997751020128
0.999997774052237
0.999997710657597
0.999997719911243
0.999997657828805
0.999997644821939
0.999997699802865
0.999997747164785
0.999997734329949
0.999997745978519
0.999997762870928
0.999997784000845
0.99999782177028
0.999997839321073
0.999997858993984
0.999997889803746
0.999998066610197
0.999998046510198
0.999998067216719
0.99999798456333
0.999998002323314
0.999998077467358
0.99999813542635
0.99999827654899
0.999998287575052
0.999998395225143
0.999998325522689
0.999998301970343
0.999998273750944
0.999998345400189
0.999998415664376
0.999998493924882
0.999998518845952
0.999998552379754
0.999998562207556
0.999998577917139
0.999998510077913
0.999998476915646
0.999998456070003
0.99999846376762
0.999998451426434
0.999998428137669
0.999998444977004
0.999998458054999
0.999998463156567
0.999998519662173
0.999998517801719
0.999998570004826
0.999998579749543
0.999998617455902
0.999998677291407
0.999998697263961
0.999998698614974
0.999998737138956
0.999998787069366
0.999998814778076
0.99999880474158
0.999998903711861
0.999998901346481
0.999998908075437
0.99999887291329
0.99999886078195
0.999998852674456
0.999998907138872
0.999998856835693
0.999998879306702
0.999998905448106
0.999998899683482
0.999998930531061
0.999998951286453
0.999998993426994
0.999999015099978
0.999999054697934
0.999999090300433
0.999999095364094
0.999999103509309
0.999999117178281
0.999999060800302
0.999999104939369
0.99999913085852
0.999999122431349
0.999999099492286
0.99999916195342
0.999999177120411
0.999999186355811
0.999999208026072
0.999999210014501
0.999999214733138
0.999999183787247
0.999999171907297
0.999999203595309
0.99999919555354
0.999999184120335
0.999999144750187
0.999999156912004
0.999999157612827
0.999999165916954
0.99999918559114
0.999999221808024
0.999999220042697
0.999999221377463
0.999999232295161
0.999999254787217
0.999999296319481
0.999999304278123
0.999999332923076
0.999999368198933
0.999999375411334
0.999999379887046
0.999999374802875
0.999999405950597
0.999999414942355
0.999999416903616
0.999999429535795
0.99999942911891
0.999999425770659
0.999999402182608
0.999999384414055
0.999999388242116
0.999999370572056
0.999999378631448
0.999999378743436
0.999999388378037
0.99999939309257
0.999999411437431
0.999999414061799
0.999999426292858
0.999999444304445
0.999999471911501
0.999999455939493
0.999999443049694
0.999999443568385
0.999999448180186
0.999999460827855
0.999999460285622
0.99999946967522
0.999999468615107
0.999999476293384
0.999999483428849
0.999999489584369
0.999999502650471
0.999999518413175
0.999999532392411
0.999999531823931
0.999999534429942
0.999999539127159
0.99999953254267
0.999999543744787
0.99999954862533
0.999999559218467
0.99999956582613
0.999999569840405
0.999999564385715
0.999999573855768
0.999999572827957
0.999999579756546
0.999999582501668
0.999999582572932
0.99999959041982
0.999999592183504
0.999999596710929
0.999999602890259
0.999999608563744
0.99999961040538
0.999999616384025
0.99999962460124
0.999999628219264
0.999999630182566
0.999999635638519
0.999999640721832
0.999999650806592
0.999999656394051
0.999999650829903
0.999999658833182
0.999999679341393
0.999999693076179
0.999999698910991
0.999999703009059
0.999999689634126
0.999999683772174
0.999999690056214
0.999999693501478
0.999999692756379
0.999999695547149
0.999999704458494
0.999999703580073
0.999999705646634
0.999999710937191
0.999999712796381
0.999999713658959
0.999999714203501
0.999999722018433
0.999999724891524
0.999999732960766
0.999999735594714
0.999999734217897
0.999999742184771
0.999999746800741
0.999999753351542
0.99999974662489
0.999999754170634
0.999999752894317
0.999999756626945
0.999999760330162
0.999999758991607
0.999999764780578
0.999999762650242
0.999999767316904
0.999999768817882
0.99999977035561
0.999999771799557
0.999999776704531
0.99999978090606
0.999999783267268
0.999999789184848
0.999999784467708
0.999999788746509
0.999999789267664
0.999999795417858
0.999999800317787
0.99999980226586
0.999999807034532
0.999999808257725
0.999999812315711
0.999999817100348
0.999999814293434
0.999999814073695
0.99999982007224
0.999999825590737
0.999999830823531
0.999999838948653
0.999999842195555
0.999999845459259
0.999999848649689
0.99999985031879
0.999999852295516
0.999999853102415
0.999999864151788
0.999999854225563
0.999999858564972
0.999999856662308
0.999999870892382
0.999999871760937
0.999999862407498
0.999999863085272
0.999999865094511
0.999999866427448
0.999999879767216
0.99999987159083
0.999999860256459
0.999999859336548
0.999999862670995
0.999999864491832
0.999999865600208
0.999999872226779
0.999999873893018
0.999999873083937
0.999999873110078
0.999999879750244
0.999999883827905
0.999999883463055
0.999999878434611
0.999999879269008
0.999999880604992
0.999999884546255
0.99999988586913
0.999999885069607
0.999999885896991
0.999999886015105
0.999999888493191
0.99999988777928
0.999999890611127
0.999999891736352
0.99999989336114
0.999999896561017
0.999999902551517
0.999999902028012
0.999999906479163
0.999999908090841
0.999999910665915
0.999999910134767
0.999999905607321
0.999999909116903
0.99999991437143
0.999999914348399
0.999999917306009
0.999999919733662
0.999999919277984
0.999999919700127
0.999999920939029
0.9999999214721
0.999999919337393
0.999999918811668
0.999999917709903
0.999999923208047
0.999999926210726
0.999999927130604
0.99999992776646
0.99999993190846
0.999999933430716
0.999999929758794
0.999999932668369
0.999999930171557
0.999999935910818
0.999999932967957
0.999999932778339
0.999999932782826
0.999999929843281
0.999999927867516
0.999999927981481
0.999999930941893
0.999999932162927
0.999999933041433
0.999999934190082
0.999999935474654
0.999999934707325
0.999999935247309
0.999999938490286
0.999999941726773
0.999999941979639
0.999999942781131
0.999999941523687
0.999999943877783
0.999999944368353
0.999999944989522
0.999999945025395
0.999999945696742
0.999999947667684
0.999999947745981
0.999999949776451
0.999999948321354
0.999999946637557
0.999999947308115
0.999999949516274
0.999999948416484
0.999999951026546
0.999999953640558
0.999999951381795
0.999999949937414
0.999999954233592
0.999999954914938
0.999999956472836
0.999999956997991
0.999999957656681
0.999999960149763
0.999999961036271
0.999999961806511
0.999999962141375
0.999999959227067
0.999999963264846
0.999999963551764
0.999999963914163
0.999999963709786
0.999999961394238
0.999999959903345
0.999999959610054
0.999999960284071
0.999999958724175
0.999999960042294
0.999999959514105
0.999999960069874
0.999999960643995
0.999999961606238
0.999999961809862
0.999999963740921
0.999999965125994
0.999999965270434
0.999999965275799
0.999999965311413
0.999999965716136
0.999999966186509
0.99999996571679
0.999999965935343
0.999999966400593
0.999999966389184
0.999999967317043
0.999999968785675
0.999999971144956
0.999999971625669
0.999999972702209
0.999999972495718
0.999999971707434
0.999999971234142
0.999999969926519
0.999999970674506
0.999999971536719
0.9999999718001
0.999999972048357
0.999999972341526
0.999999972078676
0.999999974363581
0.999999974607682
0.999999974843365
0.999999974813455
0.999999974198758
0.999999986351424
0.999999992929994
0.999999996038214
0.999999997802802
0.999999998696024
0.999999999181642
0.999999999491458
0.999999999663582
0.999999999755808
0.999999999807858
0.999999999845595
0.999999999896215
0.999999999914881
0.999999999927032
0.999999999934738
0.999999999949795
0.999999999951946
0.999999999961401
0.999999999965672
0.999999999966846
0.999999999967834
0.999999999968597
0.999999999970006
0.99999999997258
0.999999999973225
0.999999999974405
0.999999999977624
0.999999999973437
0.9999999999765
0.999999999977774
0.999999999978912
0.999999999979975
0.999999999981314
0.999999999981766
0.999999999984138
0.999999999984711
0.999999999985591
0.999999999988406
0.999999999988819
0.999999999989197
0.999999999989756
0.999999999989595
0.999999999989238
0.999999999989452
0.999999999987332
0.999999999989435
0.999999999989918
0.999999999990045
0.999999999990091
0.999999999988276
0.999999999988582
0.999999999988193
0.999999999987767
0.999999999987427
0.999999999988292
0.999999999988987
0.999999999991305
0.99999999999152
0.999999999992195
0.999999999992526
0.999999999992234
0.999999999992384
0.999999999992715
0.999999999992803
0.999999999993044
0.999999999992862
0.999999999992662
0.999999999992697
0.999999999993061
0.999999999992853
0.999999999993009
0.9999999999933
0.999999999993253
0.999999999993468
0.999999999993493
0.999999999993803
0.999999999993995
0.999999999994089
0.999999999993893
0.999999999994067
0.999999999994161
0.999999999994178
0.999999999994117
0.999999999992656
0.999999999992643
0.999999999992166
0.999999999992681
0.999999999993051
0.999999999993201
0.999999999992728
0.999999999992625
0.999999999992884
0.99999999999282
0.999999999992915
0.999999999992871
0.999999999993526
0.999999999994133
0.999999999994006
0.999999999994174
0.999999999994535
0.999999999994727
0.999999999994948
0.999999999995814
0.999999999995095
0.999999999994393
0.999999999994249
0.9999999999942
0.999999999993882
0.999999999994238
0.999999999994105
0.99999999999417
0.999999999994738
0.999999999994829
0.999999999995126
0.999999999995675
0.999999999995721
0.999999999995437
0.999999999995626
0.999999999995753
0.999999999996015
0.999999999995835
0.999999999996151
0.999999999997092
0.999999999997141
0.999999999997119
0.999999999997094
0.99999999999714
0.999999999996623
0.999999999996637
0.999999999996657
0.999999999996809
0.999999999997478
0.999999999997394
0.999999999997495
0.999999999997531
0.99999999999763
0.999999999997691
0.999999999997785
0.99999999999784
0.999999999997925
0.999999999998
0.999999999997979
0.999999999997836
0.999999999997825
0.999999999997991
0.999999999998052
0.999999999997894
0.999999999997915
0.999999999998021
0.999999999998012
0.999999999998112
0.999999999998088
0.999999999998117
0.999999999998194
0.999999999998315
0.999999999998235
0.999999999997766
0.999999999997598
0.999999999997728
0.999999999997894
0.999999999998327
0.999999999998436
0.999999999998554
0.999999999998622
0.999999999998673
0.999999999998701
0.999999999998685
0.999999999998711
0.999999999998671
0.999999999998616
0.999999999998665
0.999999999998753
0.999999999998801
0.999999999998831
0.999999999998838
0.99999999999884
0.999999999998868
0.999999999998884
0.999999999998885
0.999999999998848
0.999999999998554
0.999999999998547
0.999999999998562
0.999999999998595
0.999999999998512
0.999999999998525
0.999999999998535
0.999999999998512
0.999999999998491
0.999999999998621
0.999999999998691
0.999999999998692
0.999999999998734
0.999999999998997
0.999999999999034
0.999999999999091
0.999999999999114
0.999999999999174
0.999999999999223
0.999999999999238
0.999999999999233
0.999999999999226
0.999999999999172
0.999999999998996
0.999999999999195
0.999999999999181
0.999999999999039
0.999999999999216
0.999999999999224
0.999999999999086
0.999999999999061
0.999999999999088
0.999999999999059
0.999999999999062
0.999999999999082
0.999999999999148
0.999999999999183
0.999999999999171
0.999999999999194
0.999999999999179
0.999999999999069
0.99999999999905
0.99999999999907
0.999999999999138
0.99999999999913
0.999999999999116
0.99999999999924
0.999999999999296
0.999999999999446
0.99999999999947
0.999999999999479
0.999999999999516
0.999999999999529
0.999999999999539
0.999999999999536
0.999999999999512
0.999999999999376
0.999999999999362
0.999999999999349
0.999999999999324
0.999999999999282
0.999999999999296
0.999999999999368
0.999999999999428
0.999999999999444
0.999999999999571
0.999999999999574
0.999999999999599
0.999999999999615
0.999999999999621
0.999999999999645
0.999999999999662
0.999999999999661
0.999999999999658
0.999999999999659
0.999999999999665
0.999999999999678
0.999999999999679
0.999999999999667
0.999999999999681
0.999999999999672
0.999999999999688
0.999999999999678
0.999999999999678
0.99999999999969
0.999999999999693
0.999999999999692
0.999999999999699
0.999999999999638
0.999999999999641
0.999999999999614
0.999999999999573
0.999999999999563
0.999999999999547
0.999999999999547
0.999999999999547
0.999999999999526
0.999999999999502
0.999999999999515
0.999999999999541
0.999999999999559
0.999999999999566
0.999999999999573
0.999999999999545
0.999999999999555
0.999999999999587
0.999999999999624
0.999999999999598
0.999999999999643
0.99999999999968
0.9999999999997
0.999999999999728
0.999999999999748
0.999999999999748
0.999999999999753
0.999999999999743
0.999999999999756
0.99999999999981
0.999999999999774
0.999999999999766
0.999999999999765
0.999999999999741
0.999999999999727
0.999999999999731
0.999999999999712
0.999999999999714
0.999999999999723
0.999999999999752
0.999999999999756
0.999999999999788
0.999999999999791
0.999999999999795
0.999999999999792
0.999999999999801
0.999999999999804
0.999999999999802
0.999999999999814
0.999999999999815
0.999999999999801
0.999999999999793
0.999999999999795
0.999999999999805
0.99999999999981
0.999999999999816
0.999999999999825
0.999999999999813
0.999999999999814
0.999999999999807
0.999999999999809
0.999999999999823
0.999999999999835
0.999999999999851
0.999999999999863
0.999999999999893
0.999999999999896
0.999999999999896
0.999999999999904
0.999999999999908
0.999999999999909
0.999999999999907
0.999999999999909
0.999999999999887
0.999999999999885
0.999999999999889
0.999999999999912
0.999999999999921
0.999999999999927
0.999999999999927
0.999999999999922
0.999999999999925
0.999999999999923
0.999999999999923
0.999999999999925
0.999999999999933
0.999999999999932
0.999999999999935
0.999999999999937
0.999999999999939
0.999999999999937
0.999999999999939
0.999999999999938
0.999999999999942
0.999999999999943
0.999999999999943
0.99999999999994
0.999999999999936
0.999999999999942
0.999999999999944
0.999999999999945
0.999999999999945
0.999999999999944
0.999999999999944
0.999999999999946
0.999999999999945
0.999999999999946
0.999999999999933
0.999999999999947
0.99999999999995
0.999999999999953
0.999999999999952
0.99999999999995
0.99999999999995
0.999999999999939
0.99999999999994
0.999999999999953
0.999999999999954
0.999999999999956
0.999999999999956
0.999999999999952
0.999999999999957
0.999999999999957
0.999999999999962
0.999999999999964
0.999999999999965
0.999999999999966
0.999999999999965
0.999999999999966
0.999999999999965
0.999999999999964
0.999999999999964
0.999999999999964
0.999999999999967
0.999999999999969
0.999999999999968
0.999999999999966
0.999999999999958
0.999999999999955
0.999999999999953
0.999999999999951
0.999999999999952
0.999999999999952
0.999999999999952
0.999999999999953
0.999999999999954
0.99999999999996
0.999999999999959
0.999999999999959
0.999999999999962
0.999999999999964
0.999999999999962
0.999999999999962
0.999999999999964
0.999999999999966
0.999999999999968
0.999999999999966
0.999999999999968
0.999999999999967
0.999999999999968
0.999999999999966
0.999999999999967
0.999999999999971
0.999999999999971
0.999999999999972
0.999999999999971
0.999999999999972
0.999999999999973
0.999999999999974
0.999999999999974
0.999999999999974
0.999999999999974
0.999999999999974
0.999999999999974
0.99999999999997
0.999999999999968
0.999999999999965
0.999999999999966
0.999999999999966
0.99999999999997
0.999999999999973
0.999999999999974
0.999999999999978
0.999999999999979
0.99999999999998
0.99999999999998
0.99999999999998
0.99999999999998
0.99999999999998
0.999999999999982
0.999999999999982
0.999999999999982
0.999999999999982
0.999999999999982
0.999999999999981
0.999999999999982
0.999999999999983
0.999999999999983
0.999999999999984
0.999999999999984
0.999999999999984
0.999999999999984
0.999999999999985
0.999999999999988
0.999999999999988
0.999999999999986
0.999999999999985
0.999999999999985
0.999999999999985
0.999999999999986
0.999999999999986
0.999999999999984
0.999999999999983
0.999999999999984
0.999999999999986
0.999999999999987
0.999999999999987
0.999999999999991
0.999999999999992
0.999999999999992
0.999999999999992
0.999999999999993
0.999999999999992
0.999999999999992
0.999999999999992
0.999999999999992
0.999999999999992
0.99999999999999
0.99999999999999
0.99999999999999
0.99999999999999
0.99999999999999
0.99999999999999
0.999999999999992
0.999999999999993
0.999999999999994
0.999999999999993
0.999999999999993
0.999999999999992
0.999999999999993
0.999999999999993
0.999999999999992
0.999999999999992
0.999999999999992
0.999999999999992
0.999999999999991
0.999999999999992
0.999999999999992
0.999999999999993
0.999999999999992
0.999999999999993
0.999999999999993
0.999999999999993
0.999999999999993
0.999999999999992
0.999999999999992
0.999999999999992
0.999999999999993
0.999999999999993
0.999999999999993
0.999999999999994
0.999999999999995
0.999999999999995
0.999999999999996
0.999999999999996
0.999999999999994
0.999999999999996
0.999999999999996
0.999999999999996
0.999999999999996
0.999999999999996
0.999999999999996
0.999999999999996
0.999999999999995
0.999999999999996
0.999999999999995
0.999999999999996
0.999999999999996
0.999999999999996
0.999999999999996
0.999999999999996
0.999999999999997
0.999999999999997
0.999999999999997
0.999999999999997
0.999999999999997
0.999999999999997
0.999999999999997
0.999999999999997
0.999999999999997
0.999999999999996
0.999999999999997
0.999999999999997
0.999999999999997
0.999999999999997
0.999999999999998
0.999999999999998
0.999999999999998
0.999999999999998
0.999999999999998
0.999999999999998
0.999999999999998
0.999999999999998
0.999999999999998
0.999999999999998
0.999999999999998
0.999999999999998
0.999999999999998
0.999999999999998
0.999999999999998
0.999999999999998
0.999999999999998
0.999999999999998
0.999999999999998
0.999999999999998
0.999999999999998
0.999999999999998
0.999999999999998
0.999999999999998
0.999999999999998
0.999999999999998
0.999999999999998
0.999999999999998
0.999999999999998
0.999999999999998
0.999999999999998
0.999999999999998
0.999999999999998
0.999999999999998
0.999999999999999
0.999999999999998
0.999999999999999
0.999999999999999
0.999999999999999
0.999999999999998
0.999999999999998
0.999999999999998
0.999999999999998
0.999999999999998
0.999999999999997
0.999999999999997
0.999999999999998
0.999999999999998
0.999999999999998
0.999999999999998
0.999999999999998
0.999999999999998
0.999999999999998
0.999999999999998
0.999999999999998
0.999999999999998
0.999999999999999
0.999999999999999
0.999999999999998
0.999999999999998
0.999999999999998
0.999999999999998
0.999999999999999
0.999999999999999
0.999999999999999
0.999999999999999
0.999999999999999
0.999999999999999
0.999999999999999
0.999999999999999
0.999999999999999
0.999999999999999
0.999999999999999
0.999999999999999
0.999999999999999
0.999999999999999
0.999999999999999
0.999999999999999
0.999999999999999
0.999999999999999
0.999999999999999
0.999999999999999
0.999999999999999
0.999999999999999
0.999999999999999
0.999999999999999
0.999999999999999
0.999999999999999
0.999999999999999
0.999999999999999
0.999999999999999
0.999999999999999
0.999999999999999
0.999999999999999
0.999999999999999
0.999999999999999
0.999999999999999
0.999999999999999
0.999999999999999
0.999999999999999
0.999999999999999
0.999999999999999
0.999999999999999
0.999999999999999
0.999999999999999
0.999999999999999
0.999999999999999
1
1
1
1
1
1
1
1
1
1
1
1
1
1
1
1
1
1
1
1
1
1
1
1
1
1
1
1
1
1
1
1
1
1
1
1
1
1
1
1
1
1
1
1
1
1
1
1
1
1
1
1
1
1
1
1
1
1
1
1
1
1
1
1
1
1
1
1
1
1
1
1
1
1
1
1
1
1
1
1
1
1
1
1
1
1
1
1
1
1
1
1
1
1
1
1
1
1
1
1
1
1
1
1
1
1
1
1
1
1
1
1
1
1
1
1
1
1
1
1
1
1
1
1
1
1
1
1
1
1
1
1
1
1
1
1
1
1
1
1
1
1
1
1
1
1
1
1
1
1
1
1
1
1
1
1
1
1
1
1
1
1
1
1
1
1
1
1
1
1
1
1
1
1
1
1
1
1
1
1
1
1
1
1
1
1
1
1
1
1
1
1
1
1
1
1
1
1
1
1
1
1
1
1
1
1
1
1
1
1
1
1
1
1
1
1
1
1
1
1
1
1
1
1
1
1
1
1
1
1
1
1
1
1
1
1
1
1
1
1
1
1
1
1
1
1
1
1
1
1
1
1
1
1
1
1
1
1
1
1
1
1
1
1
1
1
1
1
1
1
1
1
1
1
1
1
1
1
1
1
1
1
1
1
1
1
1
1
1
1
1
1
1
1
1
1
1
1
1
1
1
1
1
1
1
1
1
1
1
1
1
1
1
1
1
1
1
1
1
1
1
1
1
1
1
1
1
1
1
1
1
1
1
1
1
1
1
1
1
1
1
1
1
1
1
1
1
1
1
1
1
1
1
1
1
1
1
1
1
1
1
1
1
1
1
1
1
1
1
1
1
1
1
1
1
1
1
1
1
1
1
1
1
1
1
1
1
1
1
1
1
1
1
1
1
1
1
1
1
1
1
1
1
1
1
1
1
1
1
1
1
1
1
1
1
1
1
1
1
1
1
1
1
1
1
1
1
1
1
1
1
1
1
1
1
1
1
1
1
1
1
1
1
1
1
1
1
1
1
1
1
1
1
1
1
1
1
1
1
1
1
1
1
1
1
1
1
1
1
1
1
1
1
1
1
1
1
1
1
1
1
1
1
1
1
1
1
1
1
1
1
1
1
1
1
1
1
1
1
1
1
1
1
1
1
1
1
1
1
1
1
1
1
1
1
1
1
1
1
1
1
1
1
1
1
1
1
1
1
1
1
1
1
1
1
1
1
1
1
1
1
1
1
1
1
1
1
1
1
1
1
1
1
1
1
1
1
1
1
1
1
1
1
1
1
1
1
1
1
1
1
1
1
1
1
1
1
1
1
1
1
1
1
1
1
1
1
1
1
1
1
1
1
1
1
1
1
1
1
1
1
1
1
1
1
1
1
1
1
1
1
1
1
1
1
1
1
1
1
1
1
1
1
1
1
1
1
1
1
1
1
1
1
1
1
1
1
1
1
1
1
1
1
1
1
1
1
1
1
1
1
1
1
1
1
1
1
1
1
1
1
1
1
1
1
1
1
1
1
1
1
1
1
1
1
1
1
1
1
1
1
1
1
1
1
1
1
1
1
1
1
1
1
1
1
1
1
1
1
1
1
1
1
1
1
1
1
1
1
1
1
1
1
1
1
1
1
1
1
1
1
1
1
1
1
1
1
1
1
1
1
1
1
1
1
1
1
1
1
1
1
1
1
1
1
1
1
1
1
1
1
1
1
1
1
1
1
0.999999999999999
0.999999999999999
0.999999999999999
0.999999999999999
0.999999999999999
0.999999999999999
0.999999999999999
0.999999999999999
0.999999999999999
0.999999999999999
0.999999999999999
0.999999999999999
0.999999999999999
0.999999999999999
0.999999999999999
0.999999999999999
0.999999999999999
0.999999999999999
0.999999999999999
0.999999999999999
0.999999999999999
0.999999999999999
0.999999999999999
0.999999999999999
0.999999999999999
0.999999999999999
0.999999999999999
0.999999999999999
0.999999999999999
0.999999999999999
0.999999999999999
0.999999999999999
0.999999999999999
0.999999999999999
0.999999999999999
0.999999999999999
0.999999999999999
0.999999999999999
0.999999999999999
0.999999999999999
0.999999999999999
0.999999999999999
0.999999999999999
0.999999999999999
0.999999999999999
0.999999999999999
0.999999999999999
0.999999999999999
0.999999999999999
0.999999999999999
0.999999999999999
0.999999999999999
0.999999999999999
0.999999999999999
0.999999999999999
0.999999999999999
0.999999999999999
0.999999999999999
0.999999999999999
0.999999999999999
0.999999999999999
0.999999999999999
0.999999999999999
0.999999999999999
0.999999999999999
0.999999999999999
0.999999999999999
0.999999999999999
0.999999999999999
0.999999999999999
0.999999999999999
0.999999999999999
0.999999999999999
0.999999999999999
0.999999999999999
0.999999999999999
0.999999999999999
0.999999999999999
0.999999999999999
0.999999999999999
0.999999999999999
0.999999999999999
0.999999999999999
0.999999999999999
0.999999999999999
0.999999999999999
0.999999999999999
0.999999999999999
0.999999999999999
0.999999999999999
1
1
1
1
1
1
1
1
1
1
1
1
0.999999999999999
0.999999999999999
0.999999999999999
0.999999999999999
0.999999999999999
0.999999999999999
0.999999999999999
0.999999999999999
1
0.999999999999999
0.999999999999999
1
1
1
1
1
1
1
1
1
1
1
1
1
1
1
1
1
1
1
1
1
1
1
1
1
1
1
1
1
1
1
1
1
1
1
1
1
1
1
1
1
1
1
1
1
1
1
1
1
1
1
1
1
1
1
1
1
1
1
1
1
1
1
1
1
1
1
1
1
1
1
1
1
1
1
1
1
1
1
1
1
1
1
1
1
1
1
1
1
1
1
1
1
1
1
1
1
1
1
1
1
1
1
1
1
1
1
1
1
1
1
1
1
1
1
1
1
1
1
1
1
1
1
1
1
1
1
1
1
1
1
1
1
1
1
1
1
1
1
1
1
1
1
1
1
1
1
1
1
1
1
1
1
1
1
1
1
1
1
1
1
1
1
1
1
1
1
1
1
1
1
1
1
1
1
1
1
1
1
1
1
1
1
1
1
1
1
1
1
1
1
1
1
1
1
1
1
1
1
1
1
1
1
1
1
1
1
1
1
1
1
1
1
1
1
1
1
1
1
1
1
1
1
1
1
1
1
1
1
1
1
1
1
1
1
1
1
1
1
1
1
1
1
1
1
1
1
1
1
1
1
1
1
1
1
1
1
1
1
1
1
1
1
1
1
1
1
1
1
1
1
1
1
1
1
1
1
1
1
1
1
1
1
1
1
1
1
1
1
1
1
1
1
1
1
1
1
1
1
1
1
1
1
1
1
1
1
1
1
1
1
1
1
1
1
1
1
1
1
1
1
1
1
1
1
1
1
1
1
1
1
1
1
1
1
1
1
1
1
1
1
1
1
1
1
1
1
1
1
1
1
1
1
1
1
1
1
1
